import numpy as np
variable = np.array([3, 5, 1, 8, 6, 2, 9])
variable
array([3, 5, 1, 8, 6, 2, 9])
np.sort(variable)
array([1, 2, 3, 5, 6, 8, 9])
variable
array([3, 5, 1, 8, 6, 2, 9])
variable2 = np.sort(variable)
variable2
array([1, 2, 3, 5, 6, 8, 9])
 example = np.random.normal(30, 10, (4, 4))
example
array([[48.46683493, 24.75002784, 11.94873166, 18.72427468],
       [38.80281465, 29.07124854, 23.9287579 , 35.30597017],
       [28.32784462, 32.95168935, 27.75915288, 24.00938542],
       [15.1168163 , 44.43408042, 18.59845276, 38.66069543]])
np.sort(example, axis = 0)
array([[15.1168163 , 24.75002784, 11.94873166, 18.72427468],
       [28.32784462, 29.07124854, 18.59845276, 24.00938542],
       [38.80281465, 32.95168935, 23.9287579 , 35.30597017],
       [48.46683493, 44.43408042, 27.75915288, 38.66069543]])
np.sort(example, axis = 1)
array([[11.94873166, 18.72427468, 24.75002784, 48.46683493],
       [23.9287579 , 29.07124854, 35.30597017, 38.80281465],
       [24.00938542, 27.75915288, 28.32784462, 32.95168935],
       [15.1168163 , 18.59845276, 38.66069543, 44.43408042]])
